
-62	-64	-62	-65	-75	-82	-86	1
-61	-56	-63	-77	-67	-82	-96	1
-64	-52	-59	-59	-66	-86	-87	1
-60	-54	-59	-65	-66	-83	-84	1
-61	-58	-58	-62	-66	-81	-81	1
-62	-54	-60	-61	-70	-79	-81	1
-61	-57	-59	-62	-69	-78	-83	1
-64	-57	-63	-59	-68	-82	-83	1
-63	-57	-66	-63	-68	-82	-82	1
-58	-57	-66	-61	-68	-85	-83	1
-61	-56	-67	-61	-69	-82	-87	1
-60	-56	-67	-62	-69	-82	-86	1
-61	-56	-66	-65	-71	-85	-88	1
-60	-57	-66	-64	-70	-84	-88	1
-61	-56	-64	-61	-72	-83	-86	1
-60	-57	-63	-62	-72	-85	-86	1
-62	-60	-61	-66	-69	-80	-86	1
-64	-59	-62	-63	-69	-84	-81	1
-61	-58	-60	-62	-70	-81	-85	1
-65	-61	-63	-63	-69	-82	-84	1
-68	-56	-65	-67	-76	-87	-85	1
-67	-56	-60	-66	-73	-93	-87	1
-66	-55	-64	-71	-75	-94	-83	1
-65	-57	-63	-71	-76	-87	-86	1
-64	-56	-64	-71	-75	-87	-87	1
-64	-57	-63	-71	-77	-87	-83	1
-65	-58	-65	-65	-74	-89	-85	1
-67	-65	-67	-68	-75	-87	-84	1
-70	-62	-62	-67	-69	-88	-86	1
-64	-58	-60	-67	-68	-84	-81	1
-62	-53	-57	-60	-69	-87	-86	1
-61	-56	-60	-58	-67	-79	-82	1
-65	-54	-65	-70	-74	-83	-82	1
-67	-57	-67	-68	-75	-85	-80	1
-67	-55	-68	-67	-74	-83	-83	1
-68	-57	-66	-69	-76	-81	-82	1
-67	-56	-65	-66	-75	-83	-81	1
-68	-55	-66	-68	-75	-82	-83	1
-67	-57	-64	-68	-75	-82	-82	1
-68	-55	-73	-65	-76	-82	-82	1
-68	-55	-67	-70	-76	-82	-81	1
-68	-56	-66	-69	-75	-82	-83	1
-68	-57	-67	-68	-75	-83	-83	1
-67	-56	-67	-70	-74	-81	-82	1
-69	-59	-70	-67	-75	-82	-82	1
-63	-58	-59	-65	-74	-86	-84	1
-68	-55	-63	-61	-74	-79	-85	1
-67	-57	-60	-60	-75	-83	-87	1
-68	-57	-60	-61	-73	-87	-87	1
-66	-56	-60	-63	-74	-87	-93	1
-69	-58	-56	-61	-73	-81	-93	1
-66	-57	-61	-61	-73	-81	-90	1
-66	-57	-62	-61	-74	-81	-89	1
-65	-57	-60	-64	-74	-81	-90	1
-66	-57	-60	-68	-74	-82	-88	1
-66	-57	-64	-62	-68	-87	-88	1
-63	-57	-64	-69	-75	-85	-83	1
-66	-58	-64	-63	-73	-83	-86	1
-62	-58	-62	-65	-75	-90	-81	1
-62	-59	-62	-63	-74	-86	-81	1
-66	-58	-61	-63	-73	-81	-85	1
-66	-60	-62	-62	-70	-82	-85	1
-60	-52	-59	-65	-66	-82	-80	1
-61	-59	-58	-62	-65	-78	-78	1
-60	-57	-58	-59	-70	-76	-80	1
-62	-52	-56	-63	-64	-78	-81	1
-58	-56	-51	-59	-65	-81	-84	1
-59	-57	-60	-58	-67	-80	-79	1
-59	-57	-60	-60	-63	-81	-77	1
-55	-53	-57	-67	-64	-80	-78	1
-57	-53	-54	-61	-73	-86	-81	1
-62	-52	-59	-62	-64	-80	-81	1
-61	-55	-56	-66	-73	-79	-80	1
-62	-55	-64	-61	-60	-81	-77	1
-60	-51	-61	-63	-64	-86	-81	1
-60	-59	-55	-66	-66	-82	-86	1
-61	-54	-60	-60	-64	-79	-81	1
-59	-52	-58	-65	-66	-82	-80	1
-64	-52	-57	-61	-66	-82	-81	1
-64	-50	-55	-63	-66	-78	-82	1
-61	-53	-52	-60	-72	-75	-81	1
-61	-52	-58	-59	-70	-76	-79	1
-62	-53	-55	-60	-68	-76	-79	1
-62	-51	-54	-60	-74	-74	-82	1
-61	-57	-58	-62	-67	-78	-76	1
-59	-50	-56	-59	-62	-78	-79	1
-59	-49	-57	-58	-65	-76	-79	1
-42	-53	-62	-38	-66	-65	-69	2
-44	-55	-61	-41	-66	-72	-68	2
-41	-58	-56	-40	-73	-69	-73	2
-40	-55	-56	-41	-70	-74	-73	2
-38	-55	-53	-37	-72	-71	-73	2
-38	-54	-56	-45	-56	-72	-68	2
-38	-52	-54	-38	-64	-73	-77	2
-37	-59	-57	-38	-69	-68	-73	2
-37	-61	-61	-37	-71	-68	-73	2
-37	-56	-56	-38	-68	-70	-66	2
-37	-59	-57	-43	-73	-65	-66	2
-39	-54	-61	-43	-75	-64	-74	2
-42	-57	-61	-43	-73	-67	-66	2
-40	-56	-58	-42	-67	-62	-71	2
-41	-56	-54	-41	-76	-65	-68	2
-43	-55	-55	-39	-69	-67	-71	2
-40	-70	-47	-43	-69	-73	-84	2
-40	-57	-47	-42	-69	-73	-70	2
-38	-52	-50	-41	-69	-68	-72	2
-37	-54	-53	-36	-65	-76	-72	2
-36	-54	-54	-37	-66	-75	-71	2
-36	-58	-54	-27	-67	-73	-78	2
-36	-54	-52	-20	-66	-70	-74	2
-37	-57	-51	-39	-70	-76	-72	2
-35	-51	-53	-37	-63	-72	-76	2
-38	-51	-53	-38	-63	-72	-73	2
-37	-54	-55	-37	-67	-71	-70	2
-36	-52	-55	-36	-69	-64	-70	2
-37	-54	-47	-36	-63	-70	-70	2
-46	-52	-46	-39	-74	-71	-78	2
-44	-50	-57	-45	-61	-72	-67	2
-40	-52	-53	-39	-61	-75	-73	2
-43	-55	-50	-39	-61	-69	-73	2
-43	-55	-52	-42	-60	-74	-67	2
-43	-54	-55	-41	-68	-71	-74	2
-43	-47	-50	-45	-65	-66	-69	2
-37	-46	-51	-39	-63	-69	-69	2
-36	-55	-51	-37	-75	-71	-70	2
-38	-59	-61	-36	-68	-69	-73	2
-36	-55	-58	-37	-76	-72	-69	2
-37	-53	-57	-38	-71	-68	-64	2
-34	-60	-52	-37	-71	-66	-75	2
-34	-54	-56	-42	-68	-76	-75	2
-39	-57	-50	-35	-63	-70	-79	2
-39	-48	-51	-38	-63	-69	-89	2
-38	-52	-62	-37	-69	-73	-71	2
-42	-52	-56	-43	-64	-76	-74	2
-39	-54	-55	-37	-64	-70	-70	2
-43	-57	-52	-40	-58	-72	-70	2
-40	-54	-53	-36	-61	-77	-74	2
-37	-55	-55	-40	-73	-72	-74	2
-38	-58	-62	-41	-64	-76	-73	2
-43	-54	-59	-40	-68	-76	-74	2
-45	-52	-59	-43	-71	-74	-79	2
-45	-57	-59	-43	-71	-74	-79	2
-47	-60	-56	-48	-85	-85	-81	2
-50	-56	-55	-47	-63	-86	-77	2
-48	-57	-56	-49	-64	-87	-76	2
-46	-57	-55	-44	-65	-86	-77	2
-45	-58	-54	-46	-69	-87	-77	2
-48	-54	-50	-49	-61	-81	-84	3
-54	-53	-54	-50	-63	-79	-77	3
-50	-56	-54	-50	-71	-79	-77	3
-49	-57	-52	-51	-60	-89	-83	3
-48	-52	-54	-47	-61	-80	-86	3
-46	-56	-53	-53	-61	-87	-77	3
-52	-56	-58	-48	-59	-87	-92	3
-45	-51	-59	-53	-62	-82	-85	3
-46	-56	-57	-55	-66	-82	-85	3
-49	-53	-55	-46	-59	-81	-93	3
-49	-52	-58	-46	-57	-77	-77	3
-49	-49	-53	-47	-57	-80	-77	3
-50	-49	-54	-48	-62	-79	-75	3
-56	-51	-47	-51	-71	-79	-75	3
-60	-50	-49	-54	-71	-83	-82	3
-60	-54	-50	-50	-60	-84	-85	3
-48	-56	-50	-45	-61	-80	-80	3
-49	-49	-53	-48	-63	-84	-88	3
-48	-50	-55	-50	-66	-78	-75	3
-53	-55	-55	-53	-66	-79	-86	3
-46	-58	-54	-49	-62	-81	-88	3
-46	-56	-54	-49	-63	-81	-82	3
-47	-54	-55	-47	-66	-78	-86	3
-47	-53	-49	-49	-66	-76	-80	3
-45	-54	-48	-49	-65	-78	-81	3
-45	-53	-55	-49	-63	-78	-81	3
-46	-54	-53	-48	-64	-78	-79	3
-45	-54	-54	-48	-63	-78	-82	3
-45	-53	-55	-50	-63	-83	-82	3
-45	-55	-54	-47	-63	-78	-80	3
-46	-53	-54	-46	-63	-79	-82	3
-46	-52	-54	-47	-64	-79	-81	3
-46	-60	-54	-48	-63	-80	-83	3
-46	-54	-53	-47	-63	-85	-80	3
-47	-55	-55	-49	-67	-85	-80	3
-46	-58	-55	-49	-64	-78	-84	3
-46	-60	-56	-47	-66	-83	-85	3
-49	-52	-61	-52	-61	-82	-88	3
-48	-55	-58	-49	-67	-83	-88	3
-48	-52	-52	-56	-68	-81	-84	3
-49	-51	-58	-45	-65	-83	-84	3
-52	-60	-59	-40	-60	-81	-81	3
-52	-56	-56	-41	-63	-77	-80	3
-48	-57	-54	-50	-66	-83	-78	3
-49	-53	-51	-53	-67	-81	-83	3
-48	-53	-51	-50	-66	-79	-86	3
-47	-55	-54	-50	-72	-80	-88	3
-49	-52	-56	-48	-55	-81	-82	3
-53	-54	-59	-54	-62	-81	-82	3
-55	-51	-52	-48	-60	-78	-86	3
-49	-52	-57	-54	-59	-85	-88	3
-54	-55	-52	-50	-58	-78	-86	3
-51	-56	-51	-58	-58	-80	-86	3
-51	-51	-52	-57	-56	-81	-77	3
-46	-54	-50	-54	-59	-81	-77	3
-49	-53	-50	-55	-59	-80	-87	3
-48	-50	-54	-51	-59	-77	-75	3
-49	-53	-53	-51	-64	-79	-80	3
-47	-56	-54	-51	-63	-81	-86	3
-51	-57	-54	-55	-62	-87	-81	3
-49	-54	-52	-56	-60	-85	-73	3
-49	-54	-50	-51	-66	-78	-82	3
-46	-47	-47	-50	-65	-79	-84	3
-51	-54	-44	-52	-56	-79	-79	3
-48	-47	-50	-53	-61	-82	-79	3
-47	-56	-57	-52	-62	-79	-87	3
-51	-55	-50	-53	-62	-78	-84	3
-51	-58	-59	-52	-64	-78	-84	3
-53	-62	-57	-49	-61	-88	-87	3
-48	-59	-54	-55	-60	-84	-87	3
-50	-59	-60	-51	-64	-86	-85	3
-51	-54	-54	-55	-58	-88	-85	3
-49	-58	-50	-56	-64	-81	-81	3
-48	-58	-50	-53	-62	-81	-87	3
-48	-51	-54	-51	-58	-80	-77	3
-48	-54	-53	-51	-61	-77	-80	3
-46	-51	-55	-42	-62	-79	-78	3
-49	-53	-52	-52	-64	-74	-84	3
-50	-55	-52	-47	-65	-83	-91	3
-47	-46	-53	-46	-59	-79	-79	3
-49	-51	-52	-44	-60	-77	-77	3
-48	-53	-51	-43	-64	-74	-77	3
-46	-54	-47	-51	-57	-80	-73	3
-49	-52	-48	-48	-59	-79	-78	3
-49	-51	-50	-53	-64	-79	-78	3
-53	-54	-56	-52	-63	-81	-85	3
-54	-55	-50	-48	-64	-80	-78	3
-51	-56	-51	-47	-62	-79	-85	3
-48	-55	-53	-51	-63	-82	-86	3
-50	-57	-59	-43	-62	-76	-78	3
-50	-53	-52	-50	-61	-79	-83	3
-47	-58	-56	-51	-70	-81	-86	3
-52	-57	-52	-52	-70	-87	-77	3
-52	-60	-51	-54	-61	-86	-87	3
-55	-60	-50	-55	-63	-88	-87	3
-55	-60	-51	-53	-63	-85	-87	3
-53	-58	-51	-51	-62	-84	-85	3
-53	-68	-50	-51	-77	-85	-87	3
-58	-56	-47	-62	-36	-85	-84	4
-61	-52	-49	-56	-46	-84	-83	4
-55	-50	-51	-61	-48	-82	-79	4
-61	-52	-43	-60	-47	-89	-85	4
-58	-59	-44	-57	-54	-82	-89	4
-59	-52	-59	-61	-54	-87	-89	4
-59	-51	-56	-59	-51	-87	-86	4
-59	-52	-56	-59	-51	-89	-84	4
-59	-52	-56	-59	-51	-89	-87	4
-59	-52	-57	-59	-50	-88	-88	4
-59	-53	-57	-60	-51	-89	-95	4
-59	-54	-59	-60	-50	-87	-86	4
-59	-53	-56	-59	-51	-87	-89	4
-59	-53	-57	-59	-50	-88	-88	4
-59	-57	-56	-61	-52	-86	-85	4
-60	-54	-54	-60	-64	-88	-88	4
-59	-53	-57	-60	-51	-87	-88	4
-58	-52	-58	-60	-52	-86	-89	4
-59	-52	-56	-58	-55	-88	-87	4
-59	-52	-55	-60	-55	-87	-88	4
-59	-51	-54	-59	-55	-87	-88	4
-59	-51	-55	-59	-53	-88	-88	4
-59	-56	-55	-59	-54	-87	-88	4
-59	-52	-55	-59	-55	-88	-85	4
-58	-51	-56	-59	-54	-87	-87	4
-59	-50	-55	-59	-54	-88	-87	4
-59	-50	-55	-59	-53	-86	-87	4
-59	-50	-59	-59	-55	-85	-87	4
-59	-51	-55	-59	-54	-87	-88	4
-59	-51	-57	-59	-53	-87	-92	4
-59	-53	-56	-60	-53	-85	-86	4
-59	-53	-57	-62	-55	-88	-85	4
-58	-52	-57	-60	-52	-86	-88	4
-58	-50	-54	-60	-53	-86	-89	4
-59	-52	-57	-60	-54	-91	-89	4
-59	-52	-55	-59	-52	-88	-87	4
-57	-52	-56	-60	-52	-91	-85	4
-57	-51	-56	-57	-50	-88	-86	4
-57	-50	-58	-60	-51	-87	-88	4
-60	-50	-57	-60	-50	-89	-86	4
-59	-51	-56	-58	-51	-95	-84	4
-58	-51	-56	-58	-50	-88	-88	4
-59	-51	-56	-58	-50	-88	-86	4
-59	-50	-57	-59	-51	-87	-85	4
-59	-51	-57	-59	-52	-87	-86	4
-59	-50	-57	-61	-51	-85	-86	4
-59	-51	-54	-60	-50	-87	-86	4
-59	-51	-57	-59	-51	-89	-86	4
-59	-51	-56	-61	-50	-86	-86	4
-59	-50	-57	-60	-49	-91	-86	4
-59	-51	-57	-60	-49	-87	-88	4
-59	-53	-55	-60	-51	-87	-87	4
-59	-52	-57	-58	-50	-86	-88	4
-59	-52	-57	-60	-49	-86	-88	4
-60	-53	-59	-59	-53	-86	-86	4
-57	-52	-56	-62	-52	-92	-85	4
-56	-51	-43	-59	-47	-83	-89	4
-55	-52	-46	-59	-53	-88	-84	4
-56	-58	-48	-60	-51	-85	-85	4
-63	-58	-52	-59	-51	-88	-94	4
-57	-61	-53	-59	-52	-87	-89	4
-58	-61	-52	-61	-53	-85	-88	4
-57	-57	-51	-60	-53	-85	-89	4
-57	-60	-49	-61	-54	-85	-88	4
-57	-61	-56	-60	-53	-86	-86	4
-58	-54	-52	-61	-53	-85	-89	4
-55	-56	-47	-54	-49	-81	-79	4
-58	-55	-55	-54	-49	-78	-79	4
-63	-54	-50	-55	-50	-85	-79	4
-58	-55	-53	-59	-52	-81	-84	4
-59	-59	-52	-60	-51	-87	-86	4
-57	-55	-57	-59	-48	-85	-84	4
-59	-57	-53	-58	-55	-85	-86	4
-59	-59	-52	-59	-53	-87	-87	4
-59	-56	-53	-60	-49	-85	-84	4
-58	-56	-56	-61	-52	-85	-85	4
-58	-59	-56	-60	-50	-86	-83	4
